.Random.seed <-
c(10403L, 10L, 1253662053L, -84571364L, 1911648114L, -1835596819L, 
1844954151L, 712973390L, -1269047128L, -1180840277L, 227617737L, 
1194051544L, -1494937978L, 2122798945L, -1528182029L, -661596830L, 
789586900L, -741587241L, 2006822093L, 126495844L, -782376374L, 
924805045L, 198818575L, -182450154L, -2033921344L, 1222927491L, 
1499435169L, 1938478736L, 379143534L, -1997950183L, -793921621L, 
2074432922L, 677917020L, 1903675487L, 80726069L, 658115532L, 
746995490L, -513236611L, -113816969L, 458658718L, 2146837080L, 
2122976187L, 733887833L, -1127336216L, -709359850L, -1944008559L, 
-1152236221L, 653459538L, 1547264740L, -744442585L, 689048957L, 
291996788L, -1876177318L, 1108064933L, 68190399L, 812254022L, 
1268437456L, 311915507L, 55560977L, -702039232L, -1356676322L, 
1790446569L, 1630585115L, -89294038L, -2090845108L, 346485775L, 
1701576517L, -1130505988L, 91383634L, -2011060019L, -1174996857L, 
1808558958L, -395313848L, -898176693L, -1481032535L, 1158077944L, 
-1850243802L, 1264186945L, 796458963L, -738994814L, -2065286732L, 
-1423522505L, 588320813L, -1262756540L, -1521624470L, -2109885227L, 
-1890205073L, -33626250L, -1239938912L, 1153081699L, 1699672577L, 
1408827760L, 467706126L, 1266570105L, -1363141877L, -215415750L, 
-567762116L, 930707583L, 238214101L, -2100070932L, 1177777986L, 
-215861091L, -1809465065L, -510732162L, 176566328L, -1676220645L, 
-101489543L, 943713480L, 1763687670L, 989986097L, 417111395L, 
-92553422L, 1710553220L, 1821189319L, -360790115L, -585870572L, 
2086781370L, 1908758533L, -381817377L, 1871929446L, -546648080L, 
-347363053L, -1648879951L, -152772256L, 1555175166L, -1576373623L, 
-131052101L, 331929482L, -1945280916L, 1055571951L, 1652774949L, 
-275793700L, -1983947086L, 445780397L, 1067636071L, -461069682L, 
139946856L, 663655275L, -1708331767L, -915512424L, -1510903098L, 
859617313L, -464679757L, -50983390L, -776531948L, -209382249L, 
94584461L, 1045000100L, 1475146122L, -470241803L, 1680719951L, 
-393595050L, -765481472L, -428220605L, -2003142943L, -1015606192L, 
-1754276690L, 828090457L, 1392232555L, 147705306L, 788166300L, 
-1027192673L, 1213563637L, 903380876L, -1871073694L, 2120176189L, 
1659968695L, 1371235166L, 1010763416L, 870589947L, -250431591L, 
731922472L, -594556714L, -507032239L, -701064189L, 1876607890L, 
-1728532188L, 1329735655L, 1161927741L, 117099188L, -1261410022L, 
-705074587L, -8773889L, 785310598L, 1130325264L, 2024095155L, 
507485777L, 1631264256L, -1956136226L, -1203807959L, 2141807835L, 
619357162L, 2076677004L, -870558513L, -126043003L, -964446404L, 
-555702766L, -1007147763L, -1519301049L, 1742902318L, -362718840L, 
-1311481717L, 826260073L, -1992849864L, 1336032998L, -79783295L, 
-235616749L, 1093980610L, 1248762484L, -178471817L, 304661869L, 
-1478174204L, 1968929066L, -670085483L, 1294968111L, -993959882L, 
398939232L, 574511779L, -2123010623L, 467569072L, -969811762L, 
1797367353L, 190609483L, 2067425786L, 1832920316L, 1402669375L, 
-2131376619L, 1536709932L, 831165954L, 1420136506L, 1126200272L, 
605969004L, 549567540L, 1038882962L, -565296800L, -500060852L, 
1181584864L, 1088369570L, -384660568L, -1620128628L, -935263300L, 
-894763918L, 763385840L, 1395364932L, 829470808L, 1915805754L, 
-81481616L, -1837214148L, -1507829996L, 766470850L, 196268768L, 
-17806212L, -587039536L, 996608930L, -2001457624L, 957741324L, 
1682233276L, -425563854L, -718151488L, 1372946996L, -99382584L, 
1058798266L, -1673657200L, 1173665516L, 870702676L, -1399142766L, 
-1151838432L, 1300465612L, -1599037216L, 1102347970L, 377783336L, 
-1112618068L, 440998588L, -1633203726L, -1670736336L, 482887588L, 
798429624L, 1926820698L, -957107056L, -163906692L, -1952221420L, 
1883311426L, -1092403456L, 2027959228L, -758313136L, 191060258L, 
780116552L, -1624395764L, -1946569636L, 914653650L, 1087299072L, 
-508317356L, -1559990040L, 1379979514L, 727025360L, 250040620L, 
26611956L, -1667060334L, -215226016L, -862050292L, 566125280L, 
-976209310L, -1238117720L, -1542739380L, -673898628L, 1377174834L, 
1166423664L, -752594108L, 1663281112L, 251615098L, 91678256L, 
-1665542212L, 30275156L, -11362238L, 484749472L, -167774532L, 
-75761200L, 497537890L, -2143980824L, 2065834188L, -865328644L, 
-1754881550L, 1994058368L, -1991008780L, -1596414328L, 1214193466L, 
638456656L, 816860268L, 644821396L, -868617134L, 169230816L, 
843902156L, 1635845280L, -2017131134L, -675911448L, 1127765740L, 
-788888260L, 1877056626L, 1988868208L, 351236132L, -199680968L, 
-1356992742L, 1172417744L, 2140798780L, -1347340396L, -1667652734L, 
-1401837120L, -1341309380L, 1561126288L, -1300079070L, 537052424L, 
686030476L, 232009500L, -1186791278L, -1683441280L, -282225132L, 
-201019608L, 660908602L, 1117814224L, -203962004L, -288406604L, 
1924397074L, 1040795104L, 1723586508L, -1421000480L, -250431454L, 
806269224L, -957051380L, -60840132L, -5860366L, 1323428592L, 
-1562415548L, 1575653976L, 1423351610L, -1319234064L, 1218787004L, 
1855478036L, 1125749442L, 774292576L, -474410116L, 361785296L, 
-2089389790L, 173390504L, -469337204L, -664106820L, 140394290L, 
-368383424L, 1774869684L, 101921352L, 2142254522L, -935263728L, 
-318184724L, -428056236L, 198058258L, -1277596256L, 41710284L, 
-1750270368L, -866232382L, -1394100440L, -2003980372L, 879227708L, 
-1405892238L, -1478534352L, -470942428L, -425505992L, 1647324890L, 
-788887664L, -909848836L, 1359412116L, -742821822L, -2078665472L, 
2114913340L, -1361804976L, 1274396834L, -1595870904L, -137230580L, 
885605084L, 1231281490L, -1733716864L, 13824084L, 522063848L, 
-53499654L, 1887165264L, -1523974356L, 1777469812L, -222090350L, 
-1875478432L, -103129716L, 656849760L, 1594997218L, 78566312L, 
158012620L, 1918029820L, -1746704974L, -1880992272L, 1357081540L, 
1190425944L, 1351326074L, 980976560L, 299866556L, 526551124L, 
2037516226L, 250040352L, 777488572L, -1440554416L, -120314910L, 
-409968536L, -2100038580L, -473224964L, 103934962L, -959813376L, 
24924532L, -109462520L, -93728838L, -407879216L, 1981164524L, 
-2118513293L, 1247204821L, -1117726286L, 1929303936L, -468595863L, 
-1008468005L, 1857365804L, 493603130L, -1551255569L, -1816362375L, 
1539835150L, -763400996L, 1285899085L, 701942455L, -1229150144L, 
62310686L, -958983189L, -919969939L, 205526490L, -491493480L, 
-720755199L, 26085299L, 958920404L, -1952935966L, -909118857L, 
-1800492095L, -1156794L, 1515554948L, 190697013L, -656574945L, 
-937422472L, -1291521962L, -1783202589L, -374736219L, -64469182L, 
559510832L, 1958683993L, -1430239541L, -183402692L, -422242454L, 
-1712114273L, 1322257449L, 1782550206L, 584834988L, 1094083837L, 
-272768953L, -289136848L, 882001998L, -385825669L, -1726945315L, 
1218696714L, -102421720L, -1744087663L, -24392829L, -49155964L, 
-1069474126L, -627105273L, 1210200657L, 259238358L, -2114349900L, 
-1960701755L, 1480483343L, 383343240L, -1654521946L, -1516185773L, 
1920460981L, -646093294L, 629724128L, 976496201L, -963439493L, 
1921946956L, 1965940954L, 623816911L, -1817916263L, 431993006L, 
-1104941636L, -1664444883L, 1006096855L, 2072778784L, 1162755454L, 
-424500405L, 948971853L, 476833658L, 224307640L, 194304865L, 
638917395L, 134665012L, -1810206398L, -1456167593L, -168312671L, 
-2146047642L, -1827103900L, 1457861269L, 1831769023L, 1450665816L, 
-1687528074L, -1337319549L, 288351685L, -1074398494L, 1832813392L, 
2088066681L, 1372242347L, -383396068L, 112894026L, 163660863L, 
-659053431L, -234721122L, -2010350260L, -237269731L, 33179815L, 
-1381496880L, -1070452882L, 496772635L, 1472515965L, -1220749974L, 
-1126822904L, 115127473L, -1831644381L, 52879396L, 617329362L, 
282842919L, 970402161L, -937242698L, 235864916L, 71413221L, -420775953L, 
2031343400L, -1624281210L, -1242809421L, 1510140693L, 943768946L, 
-1383188032L, -1029588439L, 1170726555L, -2107529364L, -1656266886L, 
21637295L, 925770681L, 820741582L, -641634020L, 1637823629L, 
1455585527L, 1329239040L, 612415070L, -1945695957L, -638248403L, 
-2129958246L, 1379251800L, -1045800511L, 1483613811L, 928686996L, 
